rmse = 0.7505884789448645
precision = 0.54
time spent = 27.707786560058594