rmse = 1.1263801609472586
precision = 0.402
time spent = 211.37431406974792