rmse = 0.7504339466337898
precision = 0.52
time spent = 25.084932804107666