rmse = 1.1410677868346741
precision = 0.412
time spent = 248.744713306427